cam0:
  T_cam_imu:
  - [0.011157558394201073, -0.9998079940675865, 0.016108503630993032, 0.05985380639508188]
  - [0.33965430462595136, -0.011362221971685571, -0.9404817134112329, 0.2311031987449004]
  - [0.9404841637368182, 0.01596480223541369, 0.33946231432935636, 0.041321552947507285]
  - [0.0, 0.0, 0.0, 1.0]
  cam_overlaps: []
  camera_model: pinhole
  distortion_coeffs: [0.12538013249783939, -0.217569398312036, 0.01072333226101379, 0.007502609915116425]
  distortion_model: radtan
  intrinsics: [608.1268918012847, 607.3297686389897, 334.65549114343867, 256.02893344926997]
  resolution: [640, 480]
  rostopic: /camera/color/image_raw/compressed
  timeshift_cam_imu: 0.010273641766497229
