cam0:
  cam_overlaps: [1]
  camera_model: pinhole
  distortion_coeffs: [-0.01795009535822884, -0.018356716124448395, 0.01967018365897797, -0.005928845772085263]
  distortion_model: equidistant
  intrinsics: [472.9144292458613, 472.0390923723625, 647.1095541322309, 461.04058505424564]
  resolution: [1280, 1024]
  rostopic: /left_camera/image/compressed
cam1:
  T_cn_cnm1:
  - [0.9999831741216095, 0.004900248117039151, 0.0031046806694620048, -0.09825526527167013]
  - [-0.004899278771085915, 0.9999879473413057, -0.00031974934289795133, -3.787392384656675e-05]
  - [-0.0031062101009210054, 0.0003045332667394967, 0.9999951293472861, 0.0006638195555753889]
  - [0.0, 0.0, 0.0, 1.0]
  cam_overlaps: [0]
  camera_model: pinhole
  distortion_coeffs: [-0.027028927047044536, 0.0031585746662541555, 0.000988656301207342, -0.0006287086038343784]
  distortion_model: equidistant
  intrinsics: [470.7782358799445, 469.750171537326, 659.9612199354603, 522.22883839061]
  resolution: [1280, 1024]
  rostopic: /right_camera/image/compressed
