cam0:
  cam_overlaps: [1]
  camera_model: eucm
  distortion_coeffs: []
  distortion_model: none
  intrinsics: [0.6234044994053226, 1.162300055458284, 473.3365064301915, 472.48382814139876, 647.1556005677837, 461.2337028620912]
  resolution: [1280, 1024]
  rostopic: /left_camera/image/compressed
cam1:
  T_cn_cnm1:
  - [0.9999847133603327, 0.0048247469934209605, 0.0027009002390935284, -0.09817673328820327]
  - [-0.004824054341041605, 0.9999883296213469, -0.0002629083907674146, -1.6508638795889593e-05]
  - [-0.002702137185032936, 0.0002498750822584601, 0.999996318001759, 0.0005125036982430902]
  - [0.0, 0.0, 0.0, 1.0]
  cam_overlaps: [0]
  camera_model: eucm
  distortion_coeffs: []
  distortion_model: none
  intrinsics: [0.6266307145390592, 1.152181353808423, 470.411571636362, 469.395837555351, 660.0905261462373, 522.3645837211011]
  resolution: [1280, 1024]
  rostopic: /right_camera/image/compressed
