#Accelerometer
accelerometer_noise_density: 0.0006955905202204593 
accelerometer_random_walk: 8.109897699051596e-06 

#Gyroscope
gyroscope_noise_density: 0.0004610103385528767 
gyroscope_random_walk: 3.242517778151122e-06 

rostopic: '/handsfree/imu' 
update_rate: 800.0 

