cam0:
  cam_overlaps: [1]
  camera_model: omni
  distortion_coeffs: [-0.2106732485410825, 1.045876709472236, -0.0007244906667378673, 0.000571003186648403]
  distortion_model: radtan
  intrinsics: [2.1058173627211123, 1468.902156185312, 1466.0363218092155, 646.7156047715561, 461.5981425259253]
  resolution: [1280, 1024]
  rostopic: /left_camera/image/compressed
cam1:
  T_cn_cnm1:
  - [0.9999830347611306, 0.004872786287092568, 0.0031915738618780373, -0.09772869926496741]
  - [-0.004873457258160002, 0.9999881041355778, 0.00020248871996304674, 8.708809803645885e-05]
  - [-0.0031905492110901627, -0.0002180392834956679, 0.9999948864142248, 0.0002812412954301997]
  - [0.0, 0.0, 0.0, 1.0]
  cam_overlaps: [0]
  camera_model: omni
  distortion_coeffs: [-0.19919516395745576, 1.1882431631506694, -6.205985605337609e-05, 0.0022766411692156916]
  distortion_model: radtan
  intrinsics: [2.1494300296081446, 1480.0526024810108, 1476.7034163109265, 658.8295023244244, 522.3751509965556]
  resolution: [1280, 1024]
  rostopic: /right_camera/image/compressed
