cam0:
  cam_overlaps: [1]
  camera_model: ds
  distortion_coeffs: []
  distortion_model: none
  intrinsics: [-0.2464001102147381, 0.5914732548708567, 355.04328822365153, 354.3371488195815, 647.2675044331698, 461.2906921756035]
  resolution: [1280, 1024]
  rostopic: /left_camera/image/compressed
cam1:
  T_cn_cnm1:
  - [0.9999844704067035, 0.004847658937371053, 0.0027493905231366716, -0.09824050885434214]
  - [-0.004847391877966884, 0.9999882459407842, -0.00010378946023618104, -2.7737077157345757e-06]
  - [-0.0027498613425421784, 9.04604751368634e-05, 0.9999962150325851, 0.0003797765260317779]
  - [0.0, 0.0, 0.0, 1.0]
  cam_overlaps: [0]
  camera_model: ds
  distortion_coeffs: []
  distortion_model: none
  intrinsics: [-0.2531652953999089, 0.5887594758117027, 349.78635730516174, 349.0146980424033, 660.2293688967218, 522.3421302767208]
  resolution: [1280, 1024]
  rostopic: /right_camera/image/compressed
